0  0  0
0.33  0  -0.1
0.39  0  0.0
0.56  0.1  0.0
0.76  0.0  0.0
0.91  0.0  0.1
1.06  0.0  0.0
1.17  -0.1  0.0
1.23  0.0  0.0
1.37  0.0  0.1
1.53  0.0  0.0
1.64  -0.1  0.0
1.83  0.0  0.0
2.01  0.0  -0.1
2.11  0.0  0.0
2.25  -0.1  0.0
2.38  0.0  0.0
2.55  0.0  0.1
2.79  0.0  0.0
2.97  0.1  0.0
3.1  0.0  0.0
3.24  0.0  -0.1
3.44  0.0  0.0
3.57  0.1  0.0
3.73  0.0  0.0
3.85  0.0  -0.1
3.97  0.0  0.0
4.1  0.1  0.0
4.21  0.0  0.0
4.33  0.0  -0.1
4.45  0.0  0.0
4.57  0.1  0.0
4.66  0.0  0.0
4.78  0.0  0.1
4.88  0.0  0.0
5.11  0.0  0.1
5.21  0.0  0.0
5.29  -0.1  0.0
5.44  0.0  0.0
5.57  0.0  0.1
5.66  0.0  0.0
5.81  0.1  0.0
5.97  0.0  0.0
6.07  0.0  0.1
6.25  0.0  0.0
6.38  -0.1  0.0
6.59  0.0  0.0
6.81  -0.1  0.0
6.99  0.0  0.0
7.07  0.0  -0.1
7.24  0.0  0.0
7.38  -0.1  0.0
7.55  0.0  0.0
7.62  0.0  0.1
7.8  0.0  0.0
7.99  0.1  0.0
8.33  0.0  0.0
8.43  0.0  0.1
8.69  0.0  0.0
8.8  -0.1  0.0
9.12  0.0  0.0
9.19  0.0  -0.1
9.35  0.0  0.0
9.51  -0.1  0.0
9.72  0.0  0.0
9.86  0.0  0.1
10.07  0.0  0.0
10.14  -0.1  0.0
10.38  0.0  0.0
10.51  0.0  -0.1
10.92  0.0  0.0
11.17  0.0  -0.1
11.3  0.0  0.0
11.4  -0.1  0.0
11.53  0.0  0.0
11.6  0.0  -0.1
11.75  0.0  0.0
11.83  0.1  0.0
12.04  0.0  0.0
12.11  0.0  -0.1
12.28  0.0  0.0
12.32  -0.1  0.0
12.5  0.0  0.0
12.58  0.0  -0.1
12.78  0.0  0.0
12.85  0.1  0.0
13.04  0.0  0.0
13.11  0.0  -0.1
13.28  0.0  0.0
13.35  -0.1  0.0
13.49  0.0  0.0
13.57  0.0  -0.1
13.71  0.0  0.0
13.84  0.1  0.0
14.14  0.0  -0.1
14.51  0.0  0.0 